4294967279,447
4294967279,144
4294967279,446
4294967279,445
4294967278,287
4294967278,290
4294967278,289
4294967278,137
4294967279,278
86,6
86,5
86,4
86,3
86,2
86,1
4294967294,971
4294967279,291
4294967294,1035
4294967279,271
4294967279,270
4294967278,278
4294967278,264
4294967279,266
4294967294,0
4294967294,8
4294967294,988
4294967294,2
4294967294,68
4294967278,352
4294967279,394
4294967278,327
4294967278,383
4294967294,7
4294967278,275
4294967278,356
4294967278,273
4294967278,355
4294967279,52
4294967279,51
4294967279,50
4294967279,49
4294967279,48
4294967279,47
4294967279,46
4294967279,45
4294967279,44
4294967279,43
4294967279,42
4294967279,41
4294967279,40
4294967279,39
4294967279,38
4294967279,37
4294967279,36
4294967279,35
4294967279,34
4294967279,422
4294967279,33
4294967279,32
4294967279,31
4294967279,30
4294967279,29
4294967279,28
4294967279,27
4294967279,26
4294967279,421
4294967279,420
4294967279,419
4294967279,418
4294967278,382
4294967294,17
4294967294,989
4294967294,426
4294967278,255
4294967294,90
4294967294,87
4294967294,84
4294967294,22
4294967294,67
4294967279,444
4294967279,0
4294967278,381
4294967278,0
4294967279,254
4294967294,39
4294967294,45
4294967294,53
4294967294,1022
4294967294,477
4294967294,1019
4294967294,28
4294967294,27
4294967279,253
4294967279,252
4294967278,351
4294967294,94
4294967294,96
4294967294,42
4294967279,250
4294967278,249
4294967278,246
4294967279,246
4294967278,240
4294967294,9
83,5
4294967279,244
83,4
0,5
4294967278,242
83,3
83,2
83,1
4294967278,241
4294967279,242
4294967294,93
4294967294,95
4294967294,1020
4294967294,26
4294967278,238
4294967279,237
4294967294,51
4294967279,236
4294967294,25
4294967278,231
4294967279,230
4294967279,228
4294967279,226
4294967278,225
4294967279,224
4294967279,223
4294967278,218
4294967279,218
4294967278,213
81,5
4294967279,216
81,4
4294967278,214
81,3
81,2
81,1
4294967279,280
4294967278,212
4294967279,213
4294967294,6
4294967278,211
4294967279,212
4294967278,210
4294967278,209
4294967278,315
4294967279,206
4294967278,204
4294967279,205
4294967278,203
4294967279,202
4294967279,204
79,5
4294967278,202
79,4
4294967279,203
79,3
79,2
79,1
4294967279,443
4294967279,442
4294967278,350
4294967279,441
4294967278,349
4294967278,196
4294967279,196
4294967278,194
4294967279,195
4294967278,308
4294967279,308
77,7
4294967278,188
4294967278,187
77,6
4294967279,187
4294967278,380
77,5
77,4
77,3
77,2
77,1
76,5
76,4
76,3
76,2
76,1
75,4
75,3
75,2
75,1
4294967294,984
4294967294,970
4294967294,982
4294967294,1423
4294967294,439
4294967294,409
4294967294,458
4294967279,299
4294967279,298
74,5
74,4
74,3
74,2
74,1
4294967278,298
4294967279,440
4294967278,379
73,4
73,3
73,2
73,1
4294967278,158
72,4
72,3
72,2
72,1
4294967279,157
4294967278,157
4294967278,378
4294967279,295
71,6
4294967278,377
71,5
71,4
71,3
71,2
71,1
4294967279,293
70,4
70,3
70,2
70,1
69,5
4294967279,141
69,4
69,3
69,2
69,1
4294967279,396
4294967278,139
68,4
68,3
68,2
68,1
4294967279,276
4294967294,1038
4294967294,1421
4294967279,134
4294967278,376
4294967279,289
4294967278,283
4294967279,283
4294967294,987
4294967294,985
4294967294,1029
4294967294,969
4294967294,1027
4294967279,282
4294967278,375
4294967279,288
4294967278,281
4294967279,268
4294967278,374
4294967278,263
4294967294,1422
4294967279,265
4294967279,264
4294967278,261
4294967279,263
4294967278,259
4294967279,262
4294967278,258
4294967279,284
4294967279,259
4294967279,258
4294967293,131
4294967293,130
4294967293,129
4294967293,128
4294967293,127
4294967293,126
4294967293,125
4294967293,124
4294967293,123
4294967293,122
4294967293,121
4294967293,120
4294967293,119
4294967293,118
4294967293,117
4294967293,116
4294967293,115
4294967293,114
4294967293,113
4294967293,112
4294967293,111
4294967293,110
4294967293,109
4294967293,108
4294967293,107
4294967293,106
4294967293,105
4294967293,104
4294967293,103
4294967293,102
4294967293,101
4294967293,100
4294967293,99
4294967293,98
4294967293,97
4294967293,96
4294967293,95
4294967293,94
4294967293,93
4294967293,92
4294967293,91
4294967293,90
4294967293,89
4294967293,87
4294967293,86
4294967293,85
4294967293,84
4294967293,83
4294967293,82
4294967293,81
4294967293,80
4294967293,79
4294967293,78
4294967293,77
4294967293,76
4294967293,75
4294967293,74
4294967293,73
4294967293,72
4294967293,71
4294967293,70
4294967293,69
4294967293,68
4294967293,67
4294967293,66
4294967293,65
4294967293,64
4294967293,63
4294967293,62
4294967293,61
4294967293,60
4294967293,59
4294967293,58
4294967293,57
4294967293,56
4294967293,55
4294967293,54
4294967293,53
4294967293,52
4294967293,51
4294967293,50
4294967293,49
4294967293,48
4294967293,47
4294967293,46
4294967293,45
4294967293,44
4294967293,43
4294967293,42
4294967293,41
4294967293,40
4294967293,39
4294967293,38
4294967293,37
4294967293,36
4294967293,35
4294967293,34
4294967293,33
4294967293,32
4294967293,31
4294967293,30
4294967293,29
4294967293,28
4294967293,27
4294967293,26
4294967293,25
4294967293,24
4294967293,23
4294967293,22
4294967293,21
4294967293,20
4294967293,19
4294967293,18
4294967293,17
4294967293,16
4294967293,15
4294967293,14
4294967293,13
4294967293,12
4294967293,11
4294967293,10
4294967293,9
4294967293,8
4294967293,7
4294967293,6
4294967293,5
4294967293,4
4294967293,3
4294967278,35
4294967278,34
4294967278,33
4294967278,31
4294967278,30
4294967278,29
4294967278,28
4294967278,27
4294967278,23
